name: mesh-video
channels:
  - pytorch
  - conda-forge
  - defaults
dependencies:
  - _libgcc_mutex=0.1=main
  - _openmp_mutex=5.1=1_gnu
  - blas=1.0=mkl
  - bzip2=1.0.8=h7b6447c_0
  - ca-certificates=2023.01.10=h06a4308_0
  - certifi=2022.12.7=py38h06a4308_0
  - cudatoolkit=11.3.1=h9edb442_10
  - flit-core=3.8.0=py38h06a4308_0
  - freetype=2.12.1=h4a9f257_0
  - giflib=5.2.1=h5eee18b_3
  - gmp=6.2.1=h295c915_3
  - gnutls=3.6.15=he1e5248_0
  - intel-openmp=2021.4.0=h06a4308_3561
  - jpeg=9e=h5eee18b_1
  - lame=3.100=h7b6447c_0
  - lcms2=2.12=h3be6417_0
  - lerc=3.0=h295c915_0
  - libdeflate=1.17=h5eee18b_0
  - libedit=3.1.20221030=h5eee18b_0
  - libffi=3.2.1=hf484d3e_1007
  - libgcc-ng=11.2.0=h1234567_1
  - libgomp=11.2.0=h1234567_1
  - libidn2=2.3.2=h7f8727e_0
  - libopus=1.3.1=h7b6447c_0
  - libpng=1.6.39=h5eee18b_0
  - libstdcxx-ng=11.2.0=h1234567_1
  - libtasn1=4.19.0=h5eee18b_0
  - libtiff=4.5.0=h6a678d5_2
  - libunistring=0.9.10=h27cfd23_0
  - libuv=1.44.2=h5eee18b_0
  - libvpx=1.7.0=h439df22_0
  - libwebp=1.2.4=h11a3e52_1
  - libwebp-base=1.2.4=h5eee18b_1
  - lz4-c=1.9.4=h6a678d5_0
  - mkl=2021.4.0=h06a4308_640
  - mkl-service=2.4.0=py38h7f8727e_0
  - mkl_fft=1.3.1=py38hd3c417c_0
  - mkl_random=1.2.2=py38h51133e4_0
  - ncurses=6.4=h6a678d5_0
  - nettle=3.7.3=hbbd107a_1
  - numpy-base=1.23.5=py38h31eccc5_0
  - openh264=2.1.1=h4ff587b_0
  - openssl=1.1.1t=h7f8727e_0
  - pillow=9.4.0=py38h6a678d5_0
  - pip=23.0.1=py38h06a4308_0
  - python=3.8.0=h0371630_2
  - pytorch=1.10.1=py3.8_cuda11.3_cudnn8.2.0_0
  - pytorch-mutex=1.0=cuda
  - readline=7.0=h7b6447c_5
  - setuptools=65.6.3=py38h06a4308_0
  - six=1.16.0=pyhd3eb1b0_1
  - sqlite=3.33.0=h62c20be_0
  - tk=8.6.12=h1ccaba5_0
  - torchaudio=0.10.1=py38_cu113
  - torchvision=0.11.2=py38_cu113
  - typing_extensions=4.4.0=py38h06a4308_0
  - wheel=0.38.4=py38h06a4308_0
  - x264=1!157.20191217=h7b6447c_0
  - xz=5.2.10=h5eee18b_1
  - zlib=1.2.13=h5eee18b_0
  - zstd=1.5.4=hc292b87_0
  - pip:
      - cffi==1.14.6
      - cycler==0.10.0
      - decorator==5.1.0
      - face-alignment==1.3.5
      - ffmpeg==1.4
      - imageio==2.9.0
      - imageio-ffmpeg==0.4.5
      - importlib-metadata==6.0.0
      - joblib==1.2.0
      - kiwisolver==1.3.2
      - llvmlite==0.39.1
      - matplotlib==3.4.3
      - networkx==2.6.3
      - numba==0.56.4
      - numpy==1.20.3
      - nvidia-cublas-cu11==11.10.3.66
      - nvidia-cuda-nvrtc-cu11==11.7.99
      - nvidia-cuda-runtime-cu11==11.7.99
      - nvidia-cudnn-cu11==8.5.0.96
      - opencv-python==4.7.0.72
      - pandas==1.3.3
      - pycparser==2.20
      - pyparsing==2.4.7
      - python-dateutil==2.8.2
      - pytube==12.1.3
      - pytz==2021.1
      - pywavelets==1.1.1
      - pyyaml==5.4.1
      - scikit-image==0.18.3
      - scikit-learn==1.0
      - scipy==1.7.1
      - threadpoolctl==3.1.0
      - tifffile==2023.2.28
      - torch==1.13.1
      - tqdm==4.62.3
      - typing-extensions==4.5.0
      - zipp==3.15.0
prefix: /home/songlc/miniconda3/envs/mesh-video
